200
17 18
10 0
12 12
-5 -14
3 9
-1 14
-7 20
16 5
4 5
-10 -18
12 5
-14 17
4 -8
19 17
-14 -17
-11 -18
-12 -10
6 0
-18 19
-6 9
16 -15
-9 11
-12 -9
12 -2
4 -1
-18 8
-10 0
-6 -19
5 11
12 16
2 19
8 13
10 2
8 -3
17 20
-17 16
10 -12
-8 -15
18 -2
-20 15
8 -14
4 -5
-20 9
18 6
19 15
13 -2
1 1
-6 15
-19 13
18 10
1 -2
12 -5
-15 12
2 -11
11 -6
14 13
-1 -1
10 19
13 17
-16 -7
16 15
16 16
12 -13
17 1
-5 -17
14 4
15 -8
-16 -16
-19 0
-19 8
20 -17
17 -7
5 13
18 -10
-16 -1
-19 11
5 -5
3 6
-9 13
14 9
-18 -15
17 20
17 8
4 -19
-6 -7
13 -3
-3 4
-5 7
-4 9
10 8
20 16
-16 2
-14 13
12 7
-6 6
10 9
17 -15
-16 13
7 15
-10 -20
-13 -6
17 -16
-6 -16
-19 -3
20 11
0 -6
-13 19
-9 13
-20 -2
-1 -4
-15 1
0 -19
17 13
-3 7
-7 8
13 -9
-9 -12
5 -2
-15 -7
-17 -3
-4 -3
-11 2
-18 -12
-1 -16
13 3
7 1
20 4
-8 -11
15 1
-1 -20
4 -19
0 18
-7 6
-9 -14
-8 -17
-11 -2
19 -16
18 -19
14 -8
-11 -19
11 0
16 -4
-7 7
2 18
5 -2
17 13
5 6
6 -8
-16 8
6 -1
-7 2
19 17
-16 -8
-3 -8
-2 15
-12 0
16 -5
1 -14
-15 -16
-14 -9
9 18
17 4
6 -8
2 9
14 16
-11 10
-4 9
4 19
0 -15
10 -1
-18 13
19 -12
-19 18
6 -4
13 14
9 -8
-3 20
0 18
-18 20
1 19
11 -6
-4 -16
17 20
11 13
6 -10
11 13
19 -11
14 -12
15 -10
14 12
12 -2
-6 -13
-18 -20
-9 -2
7 8
2 15
12 5
9 2
7 -8
5 17
