300
6 -3
-6 -16
5 15
17 -7
-18 15
-5 -14
3 4
8 10
13 3
14 11
2 0
-20 19
-3 -9
15 -9
-12 -19
-14 -19
12 1
8 18
-16 19
-2 -14
7 2
-20 -2
-16 -19
-16 -19
12 16
-4 -18
20 -16
-12 0
20 1
3 4
-13 20
15 6
6 -7
4 7
2 14
-11 -12
3 -8
-20 -15
1 -18
13 5
3 -1
-15 8
-16 -17
6 15
-3 -20
-6 -6
13 -15
-14 -15
5 -4
17 -18
14 9
17 -3
-19 -15
-9 6
-15 16
-6 7
8 -1
4 -11
9 15
-15 2
1 -3
2 3
-2 17
-14 17
16 14
4 4
-15 19
-13 -1
14 -14
16 11
2 10
-13 -15
0 20
-20 11
12 -2
1 -7
16 -7
7 -14
-15 9
0 10
-12 -11
-14 10
-11 -4
-11 4
6 11
7 -8
10 -19
5 -15
-17 12
-3 7
-17 14
16 17
10 -18
4 16
-10 3
-20 -3
18 -20
0 20
-20 -16
7 -2
1 8
-4 9
-11 -12
9 -14
-7 2
10 13
18 1
10 11
-8 -14
-16 20
-20 -6
-9 -4
-6 -3
-20 14
-5 20
15 10
6 2
14 -13
-20 -5
-13 -2
-20 12
-1 3
-10 17
-5 -8
3 -1
17 7
-19 -17
9 7
19 6
0 15
-9 -4
8 9
-10 16
-19 18
-6 13
-8 -7
-16 -3
-13 -6
-9 -16
-6 -14
0 -1
-6 -1
20 20
0 -12
-16 0
-20 -8
-11 13
-4 -11
-17 -10
-4 20
-5 -14
-14 11
0 5
1 -13
13 -13
-15 -12
1 20
-11 -14
-6 13
-5 -7
8 -11
-15 -3
-20 -3
-20 14
7 8
19 9
-20 -14
11 14
-8 -11
-1 6
3 13
-1 0
6 5
-2 0
20 14
-16 -9
17 20
-15 1
5 14
-14 15
-19 0
-5 -8
14 6
6 2
-12 -10
7 10
-12 18
13 9
9 -19
15 -12
19 -8
8 4
2 5
-17 13
5 16
-18 14
-17 -2
-14 -14
15 11
16 -13
17 -11
-18 -15
-14 15
-17 20
-8 -17
19 10
-6 -15
3 13
19 7
-13 3
7 20
17 -7
-5 8
0 -1
13 -9
-12 -6
14 -13
2 3
-16 -1
-14 10
-15 10
0 17
-19 -18
-8 -16
4 15
-19 5
-3 -13
6 18
10 -9
-1 -17
-2 2
17 8
15 20
-8 0
-3 -10
-16 -8
-5 8
-18 11
2 5
15 19
-4 -13
-18 11
7 2
-10 12
-7 -11
-12 0
-8 -11
-5 12
0 -16
19 12
2 -15
-3 4
16 18
20 17
-19 15
3 -13
6 19
-19 5
12 -16
-19 -12
-20 -11
-3 -7
-10 8
-9 -11
13 -1
-11 16
3 19
-16 14
14 -16
6 -2
-12 6
12 -3
8 3
1 7
2 -11
-4 15
-14 -4
-20 -17
11 0
16 -3
19 -9
-5 7
-6 -15
-3 -4
-4 -10
-8 -12
-14 -3
8 4
-14 0
-8 -13
18 16
-6 -18
13 15
-3 11
-19 -19
-20 -19
1 3
3 -10
13 -12
7 19
