350
-19 -3
-5 -10
9 1
-8 0
14 14
-8 15
11 14
3 -2
-1 9
18 -4
-12 2
-15 18
-8 4
8 -13
0 0
13 16
-3 1
-7 -6
-13 3
6 -19
-1 11
-18 -17
-19 1
13 -18
-18 -12
-4 3
-8 10
9 -6
-20 -2
-13 -2
-7 4
13 -9
-1 -4
17 -5
3 2
12 3
9 -11
0 16
16 19
6 7
-12 14
-11 16
18 3
0 6
-12 17
-9 -7
-17 -16
-16 5
10 19
13 -3
9 -5
-13 13
-2 20
13 14
16 -2
-7 -7
8 4
-15 -6
-17 15
17 -18
5 20
-9 5
1 -12
-1 13
8 -12
17 -13
3 4
-14 -6
-16 -18
-3 -19
-8 -16
10 2
18 4
-17 4
18 11
11 15
-9 11
-11 14
-11 -7
-13 1
13 -13
-20 -17
-10 6
-18 -19
20 5
-2 2
-15 18
-2 -4
-1 -3
-20 -7
9 -9
12 -7
-16 -12
11 -18
10 10
18 -5
2 6
-15 -3
-4 19
-8 -6
-7 -18
-8 -17
15 -12
9 -10
2 -13
4 -2
0 10
0 5
0 -18
-14 -8
11 -6
-12 -4
-4 6
12 0
-3 3
5 13
8 11
0 -6
18 13
-19 7
16 20
-13 -5
0 7
16 -1
-16 2
0 17
10 -19
-13 12
9 4
1 0
17 18
-14 14
-7 19
-2 -7
2 -1
15 5
5 -11
-11 15
1 17
2 11
12 11
-4 -15
18 9
19 9
1 10
-9 5
18 -20
-8 -15
-18 -11
-16 -17
-11 15
-16 -16
10 -2
-9 -2
2 14
5 -1
14 -9
3 -20
-4 9
8 -20
-17 4
2 16
-1 8
-6 3
18 17
-17 -7
-10 -9
-7 -12
5 16
4 -19
-9 18
-16 1
-17 -8
17 0
3 5
17 2
14 19
13 17
14 -13
-14 19
-5 13
4 11
-14 4
15 17
-4 0
7 -6
3 10
20 10
2 -19
2 -5
20 13
-7 2
0 -5
15 -18
-7 19
14 14
-13 -14
-13 10
-4 15
17 -15
6 12
-12 -8
-3 16
3 19
-18 5
0 -15
-5 -5
9 5
12 -11
16 8
2 20
-6 0
-19 11
-16 -6
2 -7
-8 -14
-11 -9
-10 -9
-6 0
-15 17
8 -19
20 -14
-20 5
-3 6
8 19
16 -9
-19 13
10 17
6 -9
0 -7
4 -12
-8 -20
10 -7
-8 6
-13 7
-3 2
-12 -10
8 12
-9 13
-18 -3
15 -17
11 13
20 1
10 19
-20 16
-11 -8
0 -1
-17 -19
8 -17
3 8
14 8
-14 -9
13 5
-4 -16
8 -16
5 -2
-4 3
0 -2
12 -9
-10 -9
2 -16
-4 -4
-5 10
-19 7
-16 0
2 -17
-12 6
-18 -11
3 5
17 0
14 16
20 -20
4 3
0 -17
8 9
-14 13
3 10
11 -20
-2 -11
-6 -8
19 -2
5 9
8 -7
1 5
18 -2
15 6
-6 15
10 0
-10 6
0 8
10 -10
-14 17
-15 19
13 -10
10 -4
8 -12
7 -11
3 -19
-3 1
14 -6
-19 -15
-8 -8
-12 9
-13 -10
-14 19
14 18
-16 5
-6 10
9 -14
-5 1
18 -20
5 20
-17 7
20 20
-20 -18
14 -16
9 -16
17 -15
-13 6
-19 8
4 10
-5 -6
-1 19
9 10
-17 -14
-13 -3
-12 18
14 10
17 -12
15 14
-3 -18
6 3
0 -15
-16 5
15 -2
-15 4
-10 5
16 12
-5 -20
18 18
3 -8
-14 -8
14 -18
1 5
0 -20
11 -12
-16 -12
-1 1
-4 -4
-2 -15
